[(3, 3, 3, 27), (2, 2, 2, 8), (1, 1, 1, 1)]
-----------------------------------
[(3, 3, 2, 18), (2, 2, 1, 4)]
-----------------------------------
[(3, 3, 2, 18), (2, 1, 1, 2)]
-----------------------------------
[(3, 2, 2, 12), (1, 1, 1, 1)]
-----------------------------------
[(3, 2, 2, 12)]
-----------------------------------
[(3, 2, 2, 12)]
-----------------------------------
[(3, 2, 2, 12)]
-----------------------------------
[(3, 3, 1, 9)]
-----------------------------------
[(3, 2, 1, 6)]
-----------------------------------
[(3, 2, 1, 6)]
-----------------------------------
[(3, 2, 1, 6)]
-----------------------------------
[(3, 2, 1, 6)]
-----------------------------------
[(3, 2, 1, 6)]
-----------------------------------
[(3, 2, 1, 6)]
-----------------------------------
[(3, 1, 1, 3)]
-----------------------------------
Total volume: 159